<?xml version="1.0" standalone="no"?>
<!DOCTYPE svg PUBLIC "-//W3C//DTD SVG 20010904//EN"
 "http://www.w3.org/TR/2001/REC-SVG-20010904/DTD/svg10.dtd">
<svg version="1.0" xmlns="http://www.w3.org/2000/svg"
 width="48.000000pt" height="48.000000pt" viewBox="0 0 48.000000 48.000000"
 preserveAspectRatio="xMidYMid meet">

<g transform="translate(0.000000,48.000000) scale(0.100000,-0.100000)"
fill="#000000" stroke="none">
<path d="M0 275 c0 -130 4 -205 10 -205 6 0 10 -9 10 -19 0 -52 -4 -51 236
-51 231 0 246 3 212 39 -10 11 -10 14 0 18 16 6 16 75 0 91 -10 10 -10 17 0
32 8 13 12 67 12 160 l0 140 -49 0 c-39 0 -51 -4 -54 -17 -4 -17 -5 -17 -6 0
-1 15 -17 17 -186 17 l-185 0 0 -205z m200 109 c0 -2 -7 -4 -15 -4 -8 0 -15 4
-15 10 0 5 7 7 15 4 8 -4 15 -8 15 -10z m200 -24 c0 -5 -7 -10 -15 -10 -8 0
-15 5 -15 10 0 6 7 10 15 10 8 0 15 -4 15 -10z m-201 -49 c7 -5 10 -14 6 -21
-4 -7 -1 -10 11 -8 13 2 19 -4 20 -24 2 -16 -2 -28 -7 -28 -6 0 -7 5 -4 10 3
6 -1 10 -9 10 -12 0 -16 -10 -16 -39 0 -22 -4 -43 -10 -46 -5 -3 -10 1 -10 9
0 11 -11 14 -42 13 -39 -2 -43 0 -51 30 -10 32 -8 36 36 84 18 20 53 25 76 10z
m76 -1 c4 -6 -5 -10 -20 -10 -15 0 -24 4 -20 10 3 6 12 10 20 10 8 0 17 -4 20
-10z m103 -10 c9 0 11 -7 7 -21 -5 -13 -3 -19 3 -15 5 3 13 -1 16 -10 3 -8 2
-12 -4 -9 -6 4 -10 -7 -10 -24 0 -17 -4 -31 -9 -31 -11 0 -41 28 -41 39 0 7
-7 9 -49 13 -11 1 -17 6 -15 10 3 4 0 8 -5 8 -6 0 -11 5 -11 10 0 6 14 10 30
10 17 0 30 -5 30 -12 0 -6 3 -8 6 -5 4 4 2 13 -4 20 -15 18 -3 30 23 23 11 -3
26 -6 33 -6z"/>
</g>
</svg>
